  0.00000000E+00  0.42336436E+01
  0.14147013E-01  0.42337195E+01
  0.28294027E-01  0.42339576E+01
  0.42441040E-01  0.42343899E+01
  0.56588054E-01  0.42350679E+01
  0.70735067E-01  0.42360622E+01
  0.84882081E-01  0.42374599E+01
  0.99029094E-01  0.42393623E+01
  0.11317611E+00  0.42418821E+01
  0.12732312E+00  0.42451398E+01
  0.14147013E+00  0.42492604E+01
  0.15561715E+00  0.42543695E+01
  0.16976416E+00  0.42605896E+01
  0.18391118E+00  0.42680360E+01
  0.19805819E+00  0.42768130E+01
  0.21220520E+00  0.42870106E+01
  0.22635222E+00  0.42987003E+01
  0.24049923E+00  0.43119327E+01
  0.25464624E+00  0.43267339E+01
  0.26879326E+00  0.43431028E+01
  0.28294027E+00  0.43610084E+01
  0.29708728E+00  0.43803873E+01
  0.31123430E+00  0.44011403E+01
  0.32538131E+00  0.44231290E+01
  0.33952832E+00  0.44461718E+01
  0.35367534E+00  0.44700380E+01
  0.36782235E+00  0.44944418E+01
  0.38196936E+00  0.45190340E+01
  0.39611638E+00  0.45433967E+01
  0.41026339E+00  0.45670405E+01
  0.42441040E+00  0.45894154E+01
  0.43855742E+00  0.46099426E+01
  0.45270443E+00  0.46280747E+01
  0.46685145E+00  0.46433802E+01
  0.48099846E+00  0.46537740E+01
  0.49514547E+00  0.46581043E+01
  0.50929249E+00  0.46623327E+01
  0.52343950E+00  0.46663385E+01
  0.53758651E+00  0.46699751E+01
  0.55173353E+00  0.46730655E+01
  0.56588054E+00  0.46753944E+01
  0.58017780E+00  0.46748439E+01
  0.59447506E+00  0.46732023E+01
  0.60877232E+00  0.46704987E+01
  0.62306958E+00  0.46667795E+01
  0.63736684E+00  0.46621071E+01
  0.65166410E+00  0.46565567E+01
  0.66596137E+00  0.46502139E+01
  0.68025863E+00  0.46431714E+01
  0.69455589E+00  0.46355269E+01
  0.70885315E+00  0.46273802E+01
  0.72315041E+00  0.46188314E+01
  0.73744767E+00  0.46099790E+01
  0.75174493E+00  0.46009187E+01
  0.76604219E+00  0.45917420E+01
  0.78033945E+00  0.45825353E+01
  0.79463671E+00  0.45733792E+01
  0.80893397E+00  0.45643482E+01
  0.82323124E+00  0.45555096E+01
  0.83752850E+00  0.45469234E+01
  0.85182576E+00  0.45386424E+01
  0.86612302E+00  0.45307116E+01
  0.88042028E+00  0.45231683E+01
  0.89471754E+00  0.45160424E+01
  0.90901480E+00  0.45093565E+01
  0.92331206E+00  0.45031257E+01
  0.93760932E+00  0.44973586E+01
  0.95190658E+00  0.44920573E+01
  0.96620384E+00  0.44872182E+01
  0.98050111E+00  0.44828324E+01
  0.99479837E+00  0.44788867E+01
  0.10090956E+01  0.44753638E+01
  0.10233929E+01  0.44722439E+01
  0.10376901E+01  0.44695046E+01
  0.10519874E+01  0.44671222E+01
  0.10662847E+01  0.44650726E+01
  0.10805819E+01  0.44633318E+01
  0.10948792E+01  0.44618765E+01
  0.11091765E+01  0.44606852E+01
  0.11234737E+01  0.44597389E+01
  0.11377710E+01  0.44590209E+01
  0.11520682E+01  0.44585178E+01
  0.11663655E+01  0.44582200E+01
  0.11806628E+01  0.44581214E+01
  0.11948250E+01  0.44579105E+01
  0.12089872E+01  0.44572797E+01
  0.12231494E+01  0.44562386E+01
  0.12373116E+01  0.44548019E+01
  0.12514738E+01  0.44529901E+01
  0.12656360E+01  0.44508284E+01
  0.12797982E+01  0.44483464E+01
  0.12939604E+01  0.44455775E+01
  0.13081227E+01  0.44425581E+01
  0.13222849E+01  0.44393271E+01
  0.13364471E+01  0.44359257E+01
  0.13506093E+01  0.44323960E+01
  0.13647715E+01  0.44287813E+01
  0.13789337E+01  0.44251250E+01
  0.13930959E+01  0.44214702E+01
  0.14072581E+01  0.44178588E+01
  0.14214203E+01  0.44143307E+01
  0.14355826E+01  0.44109229E+01
  0.14497448E+01  0.44076681E+01
  0.14639070E+01  0.44045935E+01
  0.14780692E+01  0.44017194E+01
  0.14922314E+01  0.43990574E+01
  0.15063936E+01  0.43966092E+01
  0.15205558E+01  0.43943647E+01
  0.15347180E+01  0.43923006E+01
  0.15488802E+01  0.43903789E+01
  0.15630425E+01  0.43885456E+01
  0.15772047E+01  0.43867299E+01
  0.15913669E+01  0.43848435E+01
  0.16055291E+01  0.43827813E+01
  0.16196913E+01  0.43804223E+01
  0.16338535E+01  0.43776335E+01
  0.16480157E+01  0.43742761E+01
  0.16621779E+01  0.43702153E+01
  0.16763401E+01  0.43653340E+01
  0.16905023E+01  0.43595500E+01
  0.17046646E+01  0.43528334E+01
  0.17188268E+01  0.43452203E+01
  0.17329890E+01  0.43368180E+01
  0.17471512E+01  0.43277986E+01
  0.17613134E+01  0.43183824E+01
  0.17754756E+01  0.43088137E+01
  0.17896378E+01  0.42993376E+01
  0.18038000E+01  0.42901790E+01
  0.18179622E+01  0.42815281E+01
  0.18321245E+01  0.42735331E+01
  0.18462867E+01  0.42662963E+01
  0.18604489E+01  0.42598767E+01
  0.18746111E+01  0.42542934E+01
  0.18887733E+01  0.42495320E+01
  0.19029355E+01  0.42455517E+01
  0.19170977E+01  0.42422921E+01
  0.19312599E+01  0.42396810E+01
  0.19454221E+01  0.42376410E+01
  0.19595844E+01  0.42360957E+01
  0.19737466E+01  0.42349750E+01
  0.19879088E+01  0.42342198E+01
  0.20020710E+01  0.42337853E+01
  0.20162332E+01  0.42336436E+01
  
  0.00000000E+00  0.42720638E+01
  0.14147013E-01  0.42722574E+01
  0.28294027E-01  0.42728421E+01
  0.42441040E-01  0.42738294E+01
  0.56588054E-01  0.42752392E+01
  0.70735067E-01  0.42771000E+01
  0.84882081E-01  0.42794500E+01
  0.99029094E-01  0.42823377E+01
  0.11317611E+00  0.42858227E+01
  0.12732312E+00  0.42899758E+01
  0.14147013E+00  0.42948795E+01
  0.15561715E+00  0.43006275E+01
  0.16976416E+00  0.43073236E+01
  0.18391118E+00  0.43150802E+01
  0.19805819E+00  0.43240163E+01
  0.21220520E+00  0.43342546E+01
  0.22635222E+00  0.43459185E+01
  0.24049923E+00  0.43591281E+01
  0.25464624E+00  0.43739969E+01
  0.26879326E+00  0.43906270E+01
  0.28294027E+00  0.44091061E+01
  0.29708728E+00  0.44295029E+01
  0.31123430E+00  0.44518644E+01
  0.32538131E+00  0.44762119E+01
  0.33952832E+00  0.45025375E+01
  0.35367534E+00  0.45307969E+01
  0.36782235E+00  0.45608854E+01
  0.38196936E+00  0.45924990E+01
  0.39611638E+00  0.46226913E+01
  0.41026339E+00  0.46328481E+01
  0.42441040E+00  0.46370388E+01
  0.43855742E+00  0.46410511E+01
  0.45270443E+00  0.46451828E+01
  0.46685145E+00  0.46494408E+01
  0.48099846E+00  0.46556237E+01
  0.49514547E+00  0.46648041E+01
  0.50929249E+00  0.46711309E+01
  0.52343950E+00  0.46749526E+01
  0.53758651E+00  0.46766754E+01
  0.55173353E+00  0.46767016E+01
  0.56588054E+00  0.46753944E+01
  0.58017780E+00  0.46748442E+01
  0.59447506E+00  0.46732029E+01
  0.60877232E+00  0.46704995E+01
  0.62306958E+00  0.46667805E+01
  0.63736684E+00  0.46621082E+01
  0.65166410E+00  0.46565579E+01
  0.66596137E+00  0.46502150E+01
  0.68025863E+00  0.46431724E+01
  0.69455589E+00  0.46355278E+01
  0.70885315E+00  0.46273809E+01
  0.72315041E+00  0.46188319E+01
  0.73744767E+00  0.46099793E+01
  0.75174493E+00  0.46009188E+01
  0.76604219E+00  0.45917421E+01
  0.78033945E+00  0.45825355E+01
  0.79463671E+00  0.45733795E+01
  0.80893397E+00  0.45643486E+01
  0.82323124E+00  0.45555099E+01
  0.83752850E+00  0.45469236E+01
  0.85182576E+00  0.45386425E+01
  0.86612302E+00  0.45307116E+01
  0.88042028E+00  0.45231684E+01
  0.89471754E+00  0.45160428E+01
  0.90901480E+00  0.45093570E+01
  0.92331206E+00  0.45031264E+01
  0.93760932E+00  0.44973594E+01
  0.95190658E+00  0.44920583E+01
  0.96620384E+00  0.44872192E+01
  0.98050111E+00  0.44828335E+01
  0.99479837E+00  0.44788877E+01
  0.10090956E+01  0.44753648E+01
  0.10233929E+01  0.44722447E+01
  0.10376901E+01  0.44695052E+01
  0.10519874E+01  0.44671227E+01
  0.10662847E+01  0.44650729E+01
  0.10805819E+01  0.44633319E+01
  0.10948792E+01  0.44618767E+01
  0.11091765E+01  0.44606857E+01
  0.11234737E+01  0.44597395E+01
  0.11377710E+01  0.44590216E+01
  0.11520682E+01  0.44585187E+01
  0.11663655E+01  0.44582210E+01
  0.11806628E+01  0.44581224E+01
  0.11948250E+01  0.44584125E+01
  0.12089872E+01  0.44592936E+01
  0.12231494E+01  0.44607923E+01
  0.12373116E+01  0.44629525E+01
  0.12514738E+01  0.44658316E+01
  0.12656360E+01  0.44694974E+01
  0.12797982E+01  0.44740235E+01
  0.12939604E+01  0.44794848E+01
  0.13081227E+01  0.44859521E+01
  0.13222849E+01  0.44934869E+01
  0.13364471E+01  0.45021362E+01
  0.13506093E+01  0.45119276E+01
  0.13647715E+01  0.45228643E+01
  0.13789337E+01  0.45349218E+01
  0.13930959E+01  0.45480427E+01
  0.14072581E+01  0.45621315E+01
  0.14214203E+01  0.45770434E+01
  0.14355826E+01  0.45925572E+01
  0.14497448E+01  0.46082852E+01
  0.14639070E+01  0.46233102E+01
  0.14780692E+01  0.46345228E+01
  0.14922314E+01  0.46353598E+01
  0.15063936E+01  0.46279741E+01
  0.15205558E+01  0.46176876E+01
  0.15347180E+01  0.46061111E+01
  0.15488802E+01  0.45937003E+01
  0.15630425E+01  0.45806328E+01
  0.15772047E+01  0.45670041E+01
  0.15913669E+01  0.45528837E+01
  0.16055291E+01  0.45383345E+01
  0.16196913E+01  0.45234220E+01
  0.16338535E+01  0.45082181E+01
  0.16480157E+01  0.44928032E+01
  0.16621779E+01  0.44772667E+01
  0.16763401E+01  0.44617064E+01
  0.16905023E+01  0.44462272E+01
  0.17046646E+01  0.44309395E+01
  0.17188268E+01  0.44159564E+01
  0.17329890E+01  0.44013916E+01
  0.17471512E+01  0.43873561E+01
  0.17613134E+01  0.43739552E+01
  0.17754756E+01  0.43612844E+01
  0.17896378E+01  0.43494254E+01
  0.18038000E+01  0.43384426E+01
  0.18179622E+01  0.43283804E+01
  0.18321245E+01  0.43192629E+01
  0.18462867E+01  0.43110937E+01
  0.18604489E+01  0.43038578E+01
  0.18746111E+01  0.42975240E+01
  0.18887733E+01  0.42920482E+01
  0.19029355E+01  0.42873766E+01
  0.19170977E+01  0.42834494E+01
  0.19312599E+01  0.42802045E+01
  0.19454221E+01  0.42775809E+01
  0.19595844E+01  0.42755215E+01
  0.19737466E+01  0.42739760E+01
  0.19879088E+01  0.42729031E+01
  0.20020710E+01  0.42722720E+01
  0.20162332E+01  0.42720638E+01
  
  0.00000000E+00  0.46431794E+01
  0.14147013E-01  0.46430552E+01
  0.28294027E-01  0.46426851E+01
  0.42441040E-01  0.46420755E+01
  0.56588054E-01  0.46412375E+01
  0.70735067E-01  0.46401863E+01
  0.84882081E-01  0.46389414E+01
  0.99029094E-01  0.46375265E+01
  0.11317611E+00  0.46359688E+01
  0.12732312E+00  0.46342997E+01
  0.14147013E+00  0.46325535E+01
  0.15561715E+00  0.46307675E+01
  0.16976416E+00  0.46289814E+01
  0.18391118E+00  0.46272369E+01
  0.19805819E+00  0.46255765E+01
  0.21220520E+00  0.46240435E+01
  0.22635222E+00  0.46226808E+01
  0.24049923E+00  0.46215303E+01
  0.25464624E+00  0.46206318E+01
  0.26879326E+00  0.46200230E+01
  0.28294027E+00  0.46197380E+01
  0.29708728E+00  0.46198072E+01
  0.31123430E+00  0.46202569E+01
  0.32538131E+00  0.46211097E+01
  0.33952832E+00  0.46223859E+01
  0.35367534E+00  0.46241096E+01
  0.36782235E+00  0.46263310E+01
  0.38196936E+00  0.46292667E+01
  0.39611638E+00  0.46357422E+01
  0.41026339E+00  0.46642189E+01
  0.42441040E+00  0.47004428E+01
  0.43855742E+00  0.47384091E+01
  0.45270443E+00  0.47775674E+01
  0.46685145E+00  0.48176148E+01
  0.48099846E+00  0.48582462E+01
  0.49514547E+00  0.48990876E+01
  0.50929249E+00  0.49396171E+01
  0.52343950E+00  0.49790074E+01
  0.53758651E+00  0.50157778E+01
  0.55173353E+00  0.50470760E+01
  0.56588054E+00  0.50678651E+01
  0.58017780E+00  0.50674807E+01
  0.59447506E+00  0.50663071E+01
  0.60877232E+00  0.50642854E+01
  0.62306958E+00  0.50613282E+01
  0.63736684E+00  0.50573345E+01
  0.65166410E+00  0.50522090E+01
  0.66596137E+00  0.50458824E+01
  0.68025863E+00  0.50383281E+01
  0.69455589E+00  0.50295714E+01
  0.70885315E+00  0.50196901E+01
  0.72315041E+00  0.50088060E+01
  0.73744767E+00  0.49970730E+01
  0.75174493E+00  0.49846625E+01
  0.76604219E+00  0.49717521E+01
  0.78033945E+00  0.49585155E+01
  0.79463671E+00  0.49451172E+01
  0.80893397E+00  0.49317077E+01
  0.82323124E+00  0.49184223E+01
  0.83752850E+00  0.49053799E+01
  0.85182576E+00  0.48926832E+01
  0.86612302E+00  0.48804194E+01
  0.88042028E+00  0.48686604E+01
  0.89471754E+00  0.48574643E+01
  0.90901480E+00  0.48468759E+01
  0.92331206E+00  0.48369280E+01
  0.93760932E+00  0.48276423E+01
  0.95190658E+00  0.48190304E+01
  0.96620384E+00  0.48110951E+01
  0.98050111E+00  0.48038314E+01
  0.99479837E+00  0.47972274E+01
  0.10090956E+01  0.47912657E+01
  0.10233929E+01  0.47859244E+01
  0.10376901E+01  0.47811785E+01
  0.10519874E+01  0.47770004E+01
  0.10662847E+01  0.47733615E+01
  0.10805819E+01  0.47702331E+01
  0.10948792E+01  0.47675873E+01
  0.11091765E+01  0.47653980E+01
  0.11234737E+01  0.47636416E+01
  0.11377710E+01  0.47622977E+01
  0.11520682E+01  0.47613500E+01
  0.11663655E+01  0.47607863E+01
  0.11806628E+01  0.47605992E+01
  0.11948250E+01  0.47603669E+01
  0.12089872E+01  0.47596697E+01
  0.12231494E+01  0.47585092E+01
  0.12373116E+01  0.47568872E+01
  0.12514738E+01  0.47548059E+01
  0.12656360E+01  0.47522671E+01
  0.12797982E+01  0.47492719E+01
  0.12939604E+01  0.47458206E+01
  0.13081227E+01  0.47419117E+01
  0.13222849E+01  0.47375426E+01
  0.13364471E+01  0.47327097E+01
  0.13506093E+01  0.47274085E+01
  0.13647715E+01  0.47216350E+01
  0.13789337E+01  0.47153874E+01
  0.13930959E+01  0.47086687E+01
  0.14072581E+01  0.47014926E+01
  0.14214203E+01  0.46938944E+01
  0.14355826E+01  0.46859614E+01
  0.14497448E+01  0.46779247E+01
  0.14639070E+01  0.46705254E+01
  0.14780692E+01  0.46666811E+01
  0.14922314E+01  0.46727495E+01
  0.15063936E+01  0.46863590E+01
  0.15205558E+01  0.47019519E+01
  0.15347180E+01  0.47176543E+01
  0.15488802E+01  0.47326942E+01
  0.15630425E+01  0.47464739E+01
  0.15772047E+01  0.47582793E+01
  0.15913669E+01  0.47670768E+01
  0.16055291E+01  0.47713986E+01
  0.16196913E+01  0.47697387E+01
  0.16338535E+01  0.47617936E+01
  0.16480157E+01  0.47491050E+01
  0.16621779E+01  0.47339152E+01
  0.16763401E+01  0.47180304E+01
  0.16905023E+01  0.47026298E+01
  0.17046646E+01  0.46884342E+01
  0.17188268E+01  0.46758595E+01
  0.17329890E+01  0.46651083E+01
  0.17471512E+01  0.46562259E+01
  0.17613134E+01  0.46491434E+01
  0.17754756E+01  0.46437144E+01
  0.17896378E+01  0.46397472E+01
  0.18038000E+01  0.46370314E+01
  0.18179622E+01  0.46353561E+01
  0.18321245E+01  0.46345222E+01
  0.18462867E+01  0.46343482E+01
  0.18604489E+01  0.46346736E+01
  0.18746111E+01  0.46353586E+01
  0.18887733E+01  0.46362830E+01
  0.19029355E+01  0.46373451E+01
  0.19170977E+01  0.46384591E+01
  0.19312599E+01  0.46395539E+01
  0.19454221E+01  0.46405710E+01
  0.19595844E+01  0.46414633E+01
  0.19737466E+01  0.46421940E+01
  0.19879088E+01  0.46427351E+01
  0.20020710E+01  0.46430673E+01
  0.20162332E+01  0.46431794E+01
  
  0.00000000E+00  0.50004433E+01
  0.14147013E-01  0.50002981E+01
  0.28294027E-01  0.49998629E+01
  0.42441040E-01  0.49991386E+01
  0.56588054E-01  0.49981270E+01
  0.70735067E-01  0.49968306E+01
  0.84882081E-01  0.49952532E+01
  0.99029094E-01  0.49933993E+01
  0.11317611E+00  0.49912749E+01
  0.12732312E+00  0.49888879E+01
  0.14147013E+00  0.49862475E+01
  0.15561715E+00  0.49833655E+01
  0.16976416E+00  0.49802559E+01
  0.18391118E+00  0.49769355E+01
  0.19805819E+00  0.49734245E+01
  0.21220520E+00  0.49697466E+01
  0.22635222E+00  0.49659300E+01
  0.24049923E+00  0.49620077E+01
  0.25464624E+00  0.49580193E+01
  0.26879326E+00  0.49540114E+01
  0.28294027E+00  0.49500403E+01
  0.29708728E+00  0.49461738E+01
  0.31123430E+00  0.49424950E+01
  0.32538131E+00  0.49391058E+01
  0.33952832E+00  0.49361334E+01
  0.35367534E+00  0.49337366E+01
  0.36782235E+00  0.49321143E+01
  0.38196936E+00  0.49315149E+01
  0.39611638E+00  0.49322441E+01
  0.41026339E+00  0.49346673E+01
  0.42441040E+00  0.49391987E+01
  0.43855742E+00  0.49462667E+01
  0.45270443E+00  0.49562455E+01
  0.46685145E+00  0.49693551E+01
  0.48099846E+00  0.49855491E+01
  0.49514547E+00  0.50044084E+01
  0.50929249E+00  0.50250204E+01
  0.52343950E+00  0.50457239E+01
  0.53758651E+00  0.50634878E+01
  0.55173353E+00  0.50729841E+01
  0.56588054E+00  0.50678654E+01
  0.58017780E+00  0.50674811E+01
  0.59447506E+00  0.50663076E+01
  0.60877232E+00  0.50642860E+01
  0.62306958E+00  0.50613289E+01
  0.63736684E+00  0.50573353E+01
  0.65166410E+00  0.50522099E+01
  0.66596137E+00  0.50458833E+01
  0.68025863E+00  0.50383289E+01
  0.69455589E+00  0.50295722E+01
  0.70885315E+00  0.50196908E+01
  0.72315041E+00  0.50088067E+01
  0.73744767E+00  0.49970735E+01
  0.75174493E+00  0.49846630E+01
  0.76604219E+00  0.49717524E+01
  0.78033945E+00  0.49585158E+01
  0.79463671E+00  0.49451174E+01
  0.80893397E+00  0.49317080E+01
  0.82323124E+00  0.49184226E+01
  0.83752850E+00  0.49053803E+01
  0.85182576E+00  0.48926837E+01
  0.86612302E+00  0.48804199E+01
  0.88042028E+00  0.48686610E+01
  0.89471754E+00  0.48574649E+01
  0.90901480E+00  0.48468765E+01
  0.92331206E+00  0.48369286E+01
  0.93760932E+00  0.48276429E+01
  0.95190658E+00  0.48190310E+01
  0.96620384E+00  0.48110957E+01
  0.98050111E+00  0.48038319E+01
  0.99479837E+00  0.47972279E+01
  0.10090956E+01  0.47912661E+01
  0.10233929E+01  0.47859249E+01
  0.10376901E+01  0.47811789E+01
  0.10519874E+01  0.47770008E+01
  0.10662847E+01  0.47733619E+01
  0.10805819E+01  0.47702334E+01
  0.10948792E+01  0.47675877E+01
  0.11091765E+01  0.47653983E+01
  0.11234737E+01  0.47636419E+01
  0.11377710E+01  0.47622981E+01
  0.11520682E+01  0.47613503E+01
  0.11663655E+01  0.47607866E+01
  0.11806628E+01  0.47605996E+01
  0.11948250E+01  0.47612852E+01
  0.12089872E+01  0.47633538E+01
  0.12231494E+01  0.47668376E+01
  0.12373116E+01  0.47717887E+01
  0.12514738E+01  0.47782763E+01
  0.12656360E+01  0.47863822E+01
  0.12797982E+01  0.47961962E+01
  0.12939604E+01  0.48078098E+01
  0.13081227E+01  0.48213096E+01
  0.13222849E+01  0.48367687E+01
  0.13364471E+01  0.48542375E+01
  0.13506093E+01  0.48737312E+01
  0.13647715E+01  0.48952139E+01
  0.13789337E+01  0.49185741E+01
  0.13930959E+01  0.49435825E+01
  0.14072581E+01  0.49698147E+01
  0.14214203E+01  0.49964943E+01
  0.14355826E+01  0.50221771E+01
  0.14497448E+01  0.50442174E+01
  0.14639070E+01  0.50585399E+01
  0.14780692E+01  0.50616700E+01
  0.14922314E+01  0.50541593E+01
  0.15063936E+01  0.50394141E+01
  0.15205558E+01  0.50204717E+01
  0.15347180E+01  0.49992531E+01
  0.15488802E+01  0.49769964E+01
  0.15630425E+01  0.49546796E+01
  0.15772047E+01  0.49333172E+01
  0.15913669E+01  0.49142085E+01
  0.16055291E+01  0.48990825E+01
  0.16196913E+01  0.48897172E+01
  0.16338535E+01  0.48867041E+01
  0.16480157E+01  0.48888023E+01
  0.16621779E+01  0.48940726E+01
  0.16763401E+01  0.49009990E+01
  0.16905023E+01  0.49086578E+01
  0.17046646E+01  0.49165275E+01
  0.17188268E+01  0.49243154E+01
  0.17329890E+01  0.49318557E+01
  0.17471512E+01  0.49390539E+01
  0.17613134E+01  0.49458569E+01
  0.17754756E+01  0.49522365E+01
  0.17896378E+01  0.49581801E+01
  0.18038000E+01  0.49636847E+01
  0.18179622E+01  0.49687543E+01
  0.18321245E+01  0.49733969E+01
  0.18462867E+01  0.49776236E+01
  0.18604489E+01  0.49814470E+01
  0.18746111E+01  0.49848809E+01
  0.18887733E+01  0.49879393E+01
  0.19029355E+01  0.49906358E+01
  0.19170977E+01  0.49929833E+01
  0.19312599E+01  0.49949936E+01
  0.19454221E+01  0.49966770E+01
  0.19595844E+01  0.49980423E+01
  0.19737466E+01  0.49990969E+01
  0.19879088E+01  0.49998462E+01
  0.20020710E+01  0.50002942E+01
  0.20162332E+01  0.50004433E+01
  
  0.00000000E+00  0.55210552E+01
  0.14147013E-01  0.55215936E+01
  0.28294027E-01  0.55232055E+01
  0.42441040E-01  0.55258806E+01
  0.56588054E-01  0.55296021E+01
  0.70735067E-01  0.55343463E+01
  0.84882081E-01  0.55400834E+01
  0.99029094E-01  0.55467769E+01
  0.11317611E+00  0.55543844E+01
  0.12732312E+00  0.55628570E+01
  0.14147013E+00  0.55721394E+01
  0.15561715E+00  0.55821694E+01
  0.16976416E+00  0.55928772E+01
  0.18391118E+00  0.56041835E+01
  0.19805819E+00  0.56159975E+01
  0.21220520E+00  0.56282133E+01
  0.22635222E+00  0.56407039E+01
  0.24049923E+00  0.56533128E+01
  0.25464624E+00  0.56658405E+01
  0.26879326E+00  0.56780246E+01
  0.28294027E+00  0.56895080E+01
  0.29708728E+00  0.56997934E+01
  0.31123430E+00  0.57081800E+01
  0.32538131E+00  0.57136941E+01
  0.33952832E+00  0.57150622E+01
  0.35367534E+00  0.57108414E+01
  0.36782235E+00  0.56998258E+01
  0.38196936E+00  0.56815938E+01
  0.39611638E+00  0.56567201E+01
  0.41026339E+00  0.56264297E+01
  0.42441040E+00  0.55918444E+01
  0.43855742E+00  0.55510200E+01
  0.45270443E+00  0.55105350E+01
  0.46685145E+00  0.54705686E+01
  0.48099846E+00  0.54313503E+01
  0.49514547E+00  0.53931990E+01
  0.50929249E+00  0.53535528E+01
  0.52343950E+00  0.53161960E+01
  0.53758651E+00  0.52840667E+01
  0.55173353E+00  0.52622027E+01
  0.56588054E+00  0.52566955E+01
  0.58017780E+00  0.52564764E+01
  0.59447506E+00  0.52558546E+01
  0.60877232E+00  0.52549310E+01
  0.62306958E+00  0.52538610E+01
  0.63736684E+00  0.52528351E+01
  0.65166410E+00  0.52520555E+01
  0.66596137E+00  0.52517111E+01
  0.68025863E+00  0.52519561E+01
  0.69455589E+00  0.52528962E+01
  0.70885315E+00  0.52545850E+01
  0.72315041E+00  0.52570290E+01
  0.73744767E+00  0.52601975E+01
  0.75174493E+00  0.52640346E+01
  0.76604219E+00  0.52684702E+01
  0.78033945E+00  0.52734279E+01
  0.79463671E+00  0.52788307E+01
  0.80893397E+00  0.52846039E+01
  0.82323124E+00  0.52906774E+01
  0.83752850E+00  0.52969857E+01
  0.85182576E+00  0.53034681E+01
  0.86612302E+00  0.53100685E+01
  0.88042028E+00  0.53167345E+01
  0.89471754E+00  0.53234176E+01
  0.90901480E+00  0.53300721E+01
  0.92331206E+00  0.53366550E+01
  0.93760932E+00  0.53431257E+01
  0.95190658E+00  0.53494456E+01
  0.96620384E+00  0.53555781E+01
  0.98050111E+00  0.53614886E+01
  0.99479837E+00  0.53671440E+01
  0.10090956E+01  0.53725133E+01
  0.10233929E+01  0.53775672E+01
  0.10376901E+01  0.53822784E+01
  0.10519874E+01  0.53866213E+01
  0.10662847E+01  0.53905725E+01
  0.10805819E+01  0.53941108E+01
  0.10948792E+01  0.53972170E+01
  0.11091765E+01  0.53998744E+01
  0.11234737E+01  0.54020686E+01
  0.11377710E+01  0.54037877E+01
  0.11520682E+01  0.54050223E+01
  0.11663655E+01  0.54057658E+01
  0.11806628E+01  0.54060140E+01
  0.11948250E+01  0.54053939E+01
  0.12089872E+01  0.54035334E+01
  0.12231494E+01  0.54004342E+01
  0.12373116E+01  0.53960989E+01
  0.12514738E+01  0.53905323E+01
  0.12656360E+01  0.53837418E+01
  0.12797982E+01  0.53757389E+01
  0.12939604E+01  0.53665409E+01
  0.13081227E+01  0.53561730E+01
  0.13222849E+01  0.53446716E+01
  0.13364471E+01  0.53320896E+01
  0.13506093E+01  0.53185030E+01
  0.13647715E+01  0.53040238E+01
  0.13789337E+01  0.52888210E+01
  0.13930959E+01  0.52731596E+01
  0.14072581E+01  0.52574776E+01
  0.14214203E+01  0.52425420E+01
  0.14355826E+01  0.52297661E+01
  0.14497448E+01  0.52217454E+01
  0.14639070E+01  0.52224902E+01
  0.14780692E+01  0.52353998E+01
  0.14922314E+01  0.52598446E+01
  0.15063936E+01  0.52923460E+01
  0.15205558E+01  0.53298124E+01
  0.15347180E+01  0.53703031E+01
  0.15488802E+01  0.54126230E+01
  0.15630425E+01  0.54559456E+01
  0.15772047E+01  0.54995972E+01
  0.15913669E+01  0.55429250E+01
  0.16055291E+01  0.55851905E+01
  0.16196913E+01  0.56254491E+01
  0.16338535E+01  0.56623976E+01
  0.16480157E+01  0.56942264E+01
  0.16621779E+01  0.57186859E+01
  0.16763401E+01  0.57337814E+01
  0.16905023E+01  0.57390266E+01
  0.17046646E+01  0.57359181E+01
  0.17188268E+01  0.57269198E+01
  0.17329890E+01  0.57142836E+01
  0.17471512E+01  0.56996324E+01
  0.17613134E+01  0.56840326E+01
  0.17754756E+01  0.56681695E+01
  0.17896378E+01  0.56524861E+01
  0.18038000E+01  0.56372736E+01
  0.18179622E+01  0.56227268E+01
  0.18321245E+01  0.56089772E+01
  0.18462867E+01  0.55961143E+01
  0.18604489E+01  0.55841989E+01
  0.18746111E+01  0.55732716E+01
  0.18887733E+01  0.55633590E+01
  0.19029355E+01  0.55544777E+01
  0.19170977E+01  0.55466375E+01
  0.19312599E+01  0.55398434E+01
  0.19454221E+01  0.55340972E+01
  0.19595844E+01  0.55293987E+01
  0.19737466E+01  0.55257468E+01
  0.19879088E+01  0.55231398E+01
  0.20020710E+01  0.55215762E+01
  0.20162332E+01  0.55210552E+01
  
  0.00000000E+00  0.64104323E+01
  0.14147013E-01  0.64092316E+01
  0.28294027E-01  0.64056349E+01
  0.42441040E-01  0.63996589E+01
  0.56588054E-01  0.63913309E+01
  0.70735067E-01  0.63806881E+01
  0.84882081E-01  0.63677775E+01
  0.99029094E-01  0.63526547E+01
  0.11317611E+00  0.63353828E+01
  0.12732312E+00  0.63160320E+01
  0.14147013E+00  0.62946782E+01
  0.15561715E+00  0.62714026E+01
  0.16976416E+00  0.62462902E+01
  0.18391118E+00  0.62194299E+01
  0.19805819E+00  0.61909134E+01
  0.21220520E+00  0.61608351E+01
  0.22635222E+00  0.61292915E+01
  0.24049923E+00  0.60963810E+01
  0.25464624E+00  0.60622040E+01
  0.26879326E+00  0.60268626E+01
  0.28294027E+00  0.59904603E+01
  0.29708728E+00  0.59531023E+01
  0.31123430E+00  0.59148951E+01
  0.32538131E+00  0.58759463E+01
  0.33952832E+00  0.58363647E+01
  0.35367534E+00  0.57962604E+01
  0.36782235E+00  0.57557441E+01
  0.38196936E+00  0.57149282E+01
  0.39611638E+00  0.56739269E+01
  0.41026339E+00  0.56328578E+01
  0.42441040E+00  0.55920753E+01
  0.43855742E+00  0.55548315E+01
  0.45270443E+00  0.55156300E+01
  0.46685145E+00  0.54752156E+01
  0.48099846E+00  0.54342411E+01
  0.49514547E+00  0.53933884E+01
  0.50929249E+00  0.53566004E+01
  0.52343950E+00  0.53223684E+01
  0.53758651E+00  0.52919993E+01
  0.55173353E+00  0.52683974E+01
  0.56588054E+00  0.52566956E+01
  0.58017780E+00  0.52564768E+01
  0.59447506E+00  0.52558553E+01
  0.60877232E+00  0.52549320E+01
  0.62306958E+00  0.52538621E+01
  0.63736684E+00  0.52528364E+01
  0.65166410E+00  0.52520568E+01
  0.66596137E+00  0.52517124E+01
  0.68025863E+00  0.52519572E+01
  0.69455589E+00  0.52528971E+01
  0.70885315E+00  0.52545857E+01
  0.72315041E+00  0.52570295E+01
  0.73744767E+00  0.52601978E+01
  0.75174493E+00  0.52640349E+01
  0.76604219E+00  0.52684706E+01
  0.78033945E+00  0.52734284E+01
  0.79463671E+00  0.52788312E+01
  0.80893397E+00  0.52846044E+01
  0.82323124E+00  0.52906779E+01
  0.83752850E+00  0.52969860E+01
  0.85182576E+00  0.53034683E+01
  0.86612302E+00  0.53100686E+01
  0.88042028E+00  0.53167348E+01
  0.89471754E+00  0.53234182E+01
  0.90901480E+00  0.53300729E+01
  0.92331206E+00  0.53366561E+01
  0.93760932E+00  0.53431270E+01
  0.95190658E+00  0.53494471E+01
  0.96620384E+00  0.53555798E+01
  0.98050111E+00  0.53614903E+01
  0.99479837E+00  0.53671458E+01
  0.10090956E+01  0.53725151E+01
  0.10233929E+01  0.53775689E+01
  0.10376901E+01  0.53822799E+01
  0.10519874E+01  0.53866227E+01
  0.10662847E+01  0.53905737E+01
  0.10805819E+01  0.53941118E+01
  0.10948792E+01  0.53972178E+01
  0.11091765E+01  0.53998750E+01
  0.11234737E+01  0.54020690E+01
  0.11377710E+01  0.54037880E+01
  0.11520682E+01  0.54050225E+01
  0.11663655E+01  0.54057659E+01
  0.11806628E+01  0.54060142E+01
  0.11948250E+01  0.54062718E+01
  0.12089872E+01  0.54070477E+01
  0.12231494E+01  0.54083500E+01
  0.12373116E+01  0.54101929E+01
  0.12514738E+01  0.54125960E+01
  0.12656360E+01  0.54155856E+01
  0.12797982E+01  0.54191941E+01
  0.12939604E+01  0.54234605E+01
  0.13081227E+01  0.54284302E+01
  0.13222849E+01  0.54341548E+01
  0.13364471E+01  0.54406916E+01
  0.13506093E+01  0.54481026E+01
  0.13647715E+01  0.54564534E+01
  0.13789337E+01  0.54658122E+01
  0.13930959E+01  0.54762474E+01
  0.14072581E+01  0.54878265E+01
  0.14214203E+01  0.55006137E+01
  0.14355826E+01  0.55146675E+01
  0.14497448E+01  0.55300389E+01
  0.14639070E+01  0.55467687E+01
  0.14780692E+01  0.55648854E+01
  0.14922314E+01  0.55844028E+01
  0.15063936E+01  0.56053182E+01
  0.15205558E+01  0.56276102E+01
  0.15347180E+01  0.56512380E+01
  0.15488802E+01  0.56761398E+01
  0.15630425E+01  0.57022327E+01
  0.15772047E+01  0.57294124E+01
  0.15913669E+01  0.57575534E+01
  0.16055291E+01  0.57865097E+01
  0.16196913E+01  0.58161164E+01
  0.16338535E+01  0.58461956E+01
  0.16480157E+01  0.58765762E+01
  0.16621779E+01  0.59071451E+01
  0.16763401E+01  0.59379316E+01
  0.16905023E+01  0.59691086E+01
  0.17046646E+01  0.60007500E+01
  0.17188268E+01  0.60325777E+01
  0.17329890E+01  0.60640917E+01
  0.17471512E+01  0.60948652E+01
  0.17613134E+01  0.61246528E+01
  0.17754756E+01  0.61533323E+01
  0.17896378E+01  0.61808284E+01
  0.18038000E+01  0.62070750E+01
  0.18179622E+01  0.62320048E+01
  0.18321245E+01  0.62555493E+01
  0.18462867E+01  0.62776406E+01
  0.18604489E+01  0.62982135E+01
  0.18746111E+01  0.63172070E+01
  0.18887733E+01  0.63345649E+01
  0.19029355E+01  0.63502357E+01
  0.19170977E+01  0.63641734E+01
  0.19312599E+01  0.63763369E+01
  0.19454221E+01  0.63866905E+01
  0.19595844E+01  0.63952037E+01
  0.19737466E+01  0.64018513E+01
  0.19879088E+01  0.64066138E+01
  0.20020710E+01  0.64094770E+01
  0.20162332E+01  0.64104323E+01
  
  0.00000000E+00  0.65306832E+01
  0.14147013E-01  0.65295313E+01
  0.28294027E-01  0.65260810E+01
  0.42441040E-01  0.65203486E+01
  0.56588054E-01  0.65123608E+01
  0.70735067E-01  0.65021543E+01
  0.84882081E-01  0.64897752E+01
  0.99029094E-01  0.64752779E+01
  0.11317611E+00  0.64587251E+01
  0.12732312E+00  0.64401867E+01
  0.14147013E+00  0.64197400E+01
  0.15561715E+00  0.63974700E+01
  0.16976416E+00  0.63734696E+01
  0.18391118E+00  0.63478421E+01
  0.19805819E+00  0.63207032E+01
  0.21220520E+00  0.62921855E+01
  0.22635222E+00  0.62624447E+01
  0.24049923E+00  0.62316689E+01
  0.25464624E+00  0.62000926E+01
  0.26879326E+00  0.61680178E+01
  0.28294027E+00  0.61358452E+01
  0.29708728E+00  0.61041212E+01
  0.31123430E+00  0.60736004E+01
  0.32538131E+00  0.60453154E+01
  0.33952832E+00  0.60206034E+01
  0.35367534E+00  0.60009753E+01
  0.36782235E+00  0.59877088E+01
  0.38196936E+00  0.59813011E+01
  0.39611638E+00  0.59812573E+01
  0.41026339E+00  0.59864372E+01
  0.42441040E+00  0.59955805E+01
  0.43855742E+00  0.60076182E+01
  0.45270443E+00  0.60217464E+01
  0.46685145E+00  0.60373884E+01
  0.48099846E+00  0.60541349E+01
  0.49514547E+00  0.60716919E+01
  0.50929249E+00  0.60898435E+01
  0.52343950E+00  0.61084276E+01
  0.53758651E+00  0.61273186E+01
  0.55173353E+00  0.61464166E+01
  0.56588054E+00  0.61656397E+01
  0.58017780E+00  0.61666925E+01
  0.59447506E+00  0.61698324E+01
  0.60877232E+00  0.61750040E+01
  0.62306958E+00  0.61821192E+01
  0.63736684E+00  0.61910618E+01
  0.65166410E+00  0.62016938E+01
  0.66596137E+00  0.62138617E+01
  0.68025863E+00  0.62274028E+01
  0.69455589E+00  0.62421505E+01
  0.70885315E+00  0.62579386E+01
  0.72315041E+00  0.62746048E+01
  0.73744767E+00  0.62919931E+01
  0.75174493E+00  0.63099552E+01
  0.76604219E+00  0.63283513E+01
  0.78033945E+00  0.63470509E+01
  0.79463671E+00  0.63659322E+01
  0.80893397E+00  0.63848822E+01
  0.82323124E+00  0.64037963E+01
  0.83752850E+00  0.64225775E+01
  0.85182576E+00  0.64411365E+01
  0.86612302E+00  0.64593908E+01
  0.88042028E+00  0.64772641E+01
  0.89471754E+00  0.64946865E+01
  0.90901480E+00  0.65115935E+01
  0.92331206E+00  0.65279262E+01
  0.93760932E+00  0.65436304E+01
  0.95190658E+00  0.65586570E+01
  0.96620384E+00  0.65729614E+01
  0.98050111E+00  0.65865030E+01
  0.99479837E+00  0.65992456E+01
  0.10090956E+01  0.66111566E+01
  0.10233929E+01  0.66222073E+01
  0.10376901E+01  0.66323720E+01
  0.10519874E+01  0.66416284E+01
  0.10662847E+01  0.66499574E+01
  0.10805819E+01  0.66573421E+01
  0.10948792E+01  0.66637685E+01
  0.11091765E+01  0.66692249E+01
  0.11234737E+01  0.66737017E+01
  0.11377710E+01  0.66771912E+01
  0.11520682E+01  0.66796878E+01
  0.11663655E+01  0.66811873E+01
  0.11806628E+01  0.66816874E+01
  0.11948250E+01  0.66807478E+01
  0.12089872E+01  0.66779318E+01
  0.12231494E+01  0.66732496E+01
  0.12373116E+01  0.66667179E+01
  0.12514738E+01  0.66583600E+01
  0.12656360E+01  0.66482057E+01
  0.12797982E+01  0.66362915E+01
  0.12939604E+01  0.66226602E+01
  0.13081227E+01  0.66073611E+01
  0.13222849E+01  0.65904501E+01
  0.13364471E+01  0.65719900E+01
  0.13506093E+01  0.65520500E+01
  0.13647715E+01  0.65307064E+01
  0.13789337E+01  0.65080424E+01
  0.13930959E+01  0.64841480E+01
  0.14072581E+01  0.64591205E+01
  0.14214203E+01  0.64330641E+01
  0.14355826E+01  0.64060901E+01
  0.14497448E+01  0.63783167E+01
  0.14639070E+01  0.63498700E+01
  0.14780692E+01  0.63208838E+01
  0.14922314E+01  0.62915013E+01
  0.15063936E+01  0.62618769E+01
  0.15205558E+01  0.62321794E+01
  0.15347180E+01  0.62025973E+01
  0.15488802E+01  0.61733470E+01
  0.15630425E+01  0.61446864E+01
  0.15772047E+01  0.61169369E+01
  0.15913669E+01  0.60905191E+01
  0.16055291E+01  0.60660123E+01
  0.16196913E+01  0.60442493E+01
  0.16338535E+01  0.60264501E+01
  0.16480157E+01  0.60143435E+01
  0.16621779E+01  0.60100443E+01
  0.16763401E+01  0.60152736E+01
  0.16905023E+01  0.60301012E+01
  0.17046646E+01  0.60527146E+01
  0.17188268E+01  0.60806861E+01
  0.17329890E+01  0.61120243E+01
  0.17471512E+01  0.61452958E+01
  0.17613134E+01  0.61794451E+01
  0.17754756E+01  0.62136797E+01
  0.17896378E+01  0.62474074E+01
  0.18038000E+01  0.62801845E+01
  0.18179622E+01  0.63116721E+01
  0.18321245E+01  0.63416025E+01
  0.18462867E+01  0.63697567E+01
  0.18604489E+01  0.63959503E+01
  0.18746111E+01  0.64200245E+01
  0.18887733E+01  0.64418432E+01
  0.19029355E+01  0.64612945E+01
  0.19170977E+01  0.64782960E+01
  0.19312599E+01  0.64928045E+01
  0.19454221E+01  0.65048246E+01
  0.19595844E+01  0.65144132E+01
  0.19737466E+01  0.65216721E+01
  0.19879088E+01  0.65267278E+01
  0.20020710E+01  0.65297023E+01
  0.20162332E+01  0.65306832E+01
  
  0.00000000E+00  0.66410273E+01
  0.14147013E-01  0.66406827E+01
  0.28294027E-01  0.66396492E+01
  0.42441040E-01  0.66379278E+01
  0.56588054E-01  0.66355201E+01
  0.70735067E-01  0.66324287E+01
  0.84882081E-01  0.66286563E+01
  0.99029094E-01  0.66242067E+01
  0.11317611E+00  0.66190839E+01
  0.12732312E+00  0.66132927E+01
  0.14147013E+00  0.66068384E+01
  0.15561715E+00  0.65997268E+01
  0.16976416E+00  0.65919642E+01
  0.18391118E+00  0.65835578E+01
  0.19805819E+00  0.65745149E+01
  0.21220520E+00  0.65648440E+01
  0.22635222E+00  0.65545541E+01
  0.24049923E+00  0.65436550E+01
  0.25464624E+00  0.65321574E+01
  0.26879326E+00  0.65200732E+01
  0.28294027E+00  0.65074152E+01
  0.29708728E+00  0.64941976E+01
  0.31123430E+00  0.64804356E+01
  0.32538131E+00  0.64661461E+01
  0.33952832E+00  0.64513470E+01
  0.35367534E+00  0.64360581E+01
  0.36782235E+00  0.64203001E+01
  0.38196936E+00  0.64040956E+01
  0.39611638E+00  0.63874683E+01
  0.41026339E+00  0.63704436E+01
  0.42441040E+00  0.63530478E+01
  0.43855742E+00  0.63353090E+01
  0.45270443E+00  0.63172564E+01
  0.46685145E+00  0.62989209E+01
  0.48099846E+00  0.62803346E+01
  0.49514547E+00  0.62615316E+01
  0.50929249E+00  0.62425482E+01
  0.52343950E+00  0.62234232E+01
  0.53758651E+00  0.62041984E+01
  0.55173353E+00  0.61849201E+01
  0.56588054E+00  0.61656402E+01
  0.58017780E+00  0.61666932E+01
  0.59447506E+00  0.61698332E+01
  0.60877232E+00  0.61750050E+01
  0.62306958E+00  0.61821204E+01
  0.63736684E+00  0.61910631E+01
  0.65166410E+00  0.62016952E+01
  0.66596137E+00  0.62138631E+01
  0.68025863E+00  0.62274042E+01
  0.69455589E+00  0.62421518E+01
  0.70885315E+00  0.62579398E+01
  0.72315041E+00  0.62746059E+01
  0.73744767E+00  0.62919940E+01
  0.75174493E+00  0.63099559E+01
  0.76604219E+00  0.63283519E+01
  0.78033945E+00  0.63470513E+01
  0.79463671E+00  0.63659326E+01
  0.80893397E+00  0.63848826E+01
  0.82323124E+00  0.64037968E+01
  0.83752850E+00  0.64225781E+01
  0.85182576E+00  0.64411372E+01
  0.86612302E+00  0.64593915E+01
  0.88042028E+00  0.64772649E+01
  0.89471754E+00  0.64946873E+01
  0.90901480E+00  0.65115944E+01
  0.92331206E+00  0.65279270E+01
  0.93760932E+00  0.65436313E+01
  0.95190658E+00  0.65586579E+01
  0.96620384E+00  0.65729622E+01
  0.98050111E+00  0.65865038E+01
  0.99479837E+00  0.65992464E+01
  0.10090956E+01  0.66111574E+01
  0.10233929E+01  0.66222079E+01
  0.10376901E+01  0.66323726E+01
  0.10519874E+01  0.66416290E+01
  0.10662847E+01  0.66499579E+01
  0.10805819E+01  0.66573426E+01
  0.10948792E+01  0.66637690E+01
  0.11091765E+01  0.66692254E+01
  0.11234737E+01  0.66737021E+01
  0.11377710E+01  0.66771917E+01
  0.11520682E+01  0.66796882E+01
  0.11663655E+01  0.66811877E+01
  0.11806628E+01  0.66816878E+01
  0.11948250E+01  0.66816638E+01
  0.12089872E+01  0.66815919E+01
  0.12231494E+01  0.66814708E+01
  0.12373116E+01  0.66812989E+01
  0.12514738E+01  0.66810739E+01
  0.12656360E+01  0.66807935E+01
  0.12797982E+01  0.66804555E+01
  0.12939604E+01  0.66800579E+01
  0.13081227E+01  0.66795992E+01
  0.13222849E+01  0.66790783E+01
  0.13364471E+01  0.66784949E+01
  0.13506093E+01  0.66778493E+01
  0.13647715E+01  0.66771422E+01
  0.13789337E+01  0.66763746E+01
  0.13930959E+01  0.66755478E+01
  0.14072581E+01  0.66746629E+01
  0.14214203E+01  0.66737209E+01
  0.14355826E+01  0.66727225E+01
  0.14497448E+01  0.66716682E+01
  0.14639070E+01  0.66705581E+01
  0.14780692E+01  0.66693919E+01
  0.14922314E+01  0.66681695E+01
  0.15063936E+01  0.66668907E+01
  0.15205558E+01  0.66655559E+01
  0.15347180E+01  0.66641657E+01
  0.15488802E+01  0.66627216E+01
  0.15630425E+01  0.66612262E+01
  0.15772047E+01  0.66596830E+01
  0.15913669E+01  0.66580964E+01
  0.16055291E+01  0.66564723E+01
  0.16196913E+01  0.66548172E+01
  0.16338535E+01  0.66531387E+01
  0.16480157E+01  0.66514454E+01
  0.16621779E+01  0.66497463E+01
  0.16763401E+01  0.66480512E+01
  0.16905023E+01  0.66463703E+01
  0.17046646E+01  0.66447144E+01
  0.17188268E+01  0.66430949E+01
  0.17329890E+01  0.66415242E+01
  0.17471512E+01  0.66400153E+01
  0.17613134E+01  0.66385827E+01
  0.17754756E+01  0.66372422E+01
  0.17896378E+01  0.66360118E+01
  0.18038000E+01  0.66349114E+01
  0.18179622E+01  0.66339634E+01
  0.18321245E+01  0.66331929E+01
  0.18462867E+01  0.66326274E+01
  0.18604489E+01  0.66322961E+01
  0.18746111E+01  0.66322280E+01
  0.18887733E+01  0.66324486E+01
  0.19029355E+01  0.66329739E+01
  0.19170977E+01  0.66338021E+01
  0.19312599E+01  0.66349022E+01
  0.19454221E+01  0.66362044E+01
  0.19595844E+01  0.66375958E+01
  0.19737466E+01  0.66389274E+01
  0.19879088E+01  0.66400353E+01
  0.20020710E+01  0.66407700E+01
  0.20162332E+01  0.66410273E+01
  
